9767
9806
9767
9766
9795
9748
9772
9741
9776
9779
9786
9794
9772
9787
9788
9785
9799
9793
9793
9792
9778
9782
9754
9789
9771
9770
9788
9780
9792
9778
9777
9799
9779
9791
9806
9799
9808
9755
9787
9808
9780
9783
9800
9768
9790
9791
9775
9770
9798
9804
9790
9757
9789
9781
9772
9763
9799
9783
9782
9776
9808
9783
9751
9776
9763
9763
9800
9785
9779
9767
9776
9759
9772
9779
9766
9749
9754
9791
9770
9793
9776
9791
9750
9783
9740
9786
9791
9785
9769
9809
9781
9783
9771
9785
9778
9771
9768
9784
9808
9773
9797
9796
9786
9791
9785
9782
9790
9796
9773
9800
9798
9765
9785
9802
9777
9775
9774
9792
9807
9774
9774
9757
9796
9782
9780
9777
9775
9769
9755
9776
9792
9783
9772
9753
9786
9767
9789
9802
9772
9783
9795
9763
9767
9788
9788
9765
9786
9746
9768
9763
9787
9770
9787
9790
9766
9772
9775
9801
9804
9801
9774
9780
9771
9754
9796
9787
9771
9766
9784
9779
9780
9798
9761
9773
9776
9786
9750
9770
9782
9784
9799
9773
9776
9770
9802
9778
9795
9772
9778
9795
9778
9797
9762
9785
9789
9792
9753
9775
9803
9793
9788
9787
9807
9773
9770
9793
9760
9800
9794
9796
9785
9762
9763
9755
9790
9762
9767
9778
9804
9779
9767
9789
9782
9761
9772
9778
9786
9775
9765
9777
9795
9783
9753
9763
9759
9765
9792
9793
9786
9781
9771
9770
9817
9786
9776
9782
9757
9790
9775
9775
9797
9736
9772
9775
9782
9780
9781
9784
9760
9788
9769
9774
9760
9792
9776
9781
9768
9776
9771
9783
9772
9776
9761
9797
9800
9807
9765
9780
9801
9764
9785
9762
9771
9779
9776
9790
9758
9793
9770
9754
9777
9790
9804
9777
9779
9768
9782
9813
9754
9775
9797
9763
9781
9802
9785
9748
9748
9755
9765
9794
9780
9796
9783
9779
9800
9790
9774
9803
9800
9767
9757
9754
9768
9789
9770
9780
9786
9798
9796
9776
9787
9775
9784
9784
9807
9773
9774
9758
9790
9773
9782
9761
9782
9760
9788
9788
9795
9761
9794
9807
9797
9786
9782
9777
9754
9775
9765
9783
9790
9786
9775
9770
9761
9772
9788
9811
9777
9752
9786
9772
9793
9786
9788
9759
9798
9784
9806
9780
9767
9770
9781
9790
9785
9778
9781
9771
9798
9786
9785
9781
9807
9781
9782
9775
9765
9774
9781
9790
9789
9764
9758
9769
9781
9764
9770
9771
9801
9790
9793
9756
9768
9753
9760
9782
9771
9760
9780
9771
9788
9753
9793
9768
9772
9788
9790
9801
9785
9780
9793
9798
9797
9746
9775
9771
9787
9773
9790
9780
9776
9770
9788
9772
9762
9780
9787
9790
9784
9759
9782
9744
9785
9771
9779
9790
9784
9760
9783
9792
9776
9765
9773
9777
9770
9784
9785
9784
9788
9797
9778
9765
9763
9781
9785
9772
9791
9779
9762
9785
9786
9757
9768
9805
9795
9787
9787
9792
9790
9770
9772
9804
9800
9780
9755
9793
9799
9772
9767
9765
9779
9766
9791
9759
9791
9794
9781
9762
9757
9780
9795
9787
9769
9790
9773
9765
9784
9772
9775
9793
9790
9788
9781
9763
9779
9765
9761
9793
9775
9781
9772
9775
9795
9788
9769
9779
9769
9802
9773
9779
9785
9785
9769
9775
9782
9787
9805
9757
9804
9788
9791
9787
9770
9790
9785
9783
9767
9789
9782
9763
9782
9772
9780
9782
9760
9761
9787
9784
9781
9805
9770
9774
9801
9736
9781
9782
9780
9777
9793
9759
9763
9750
9750
9781
9771
9800
9790
9765
9774
9770
9790
9787
9779
9772
9805
9772
9772
9793
9760
9786
9771
9773
9768
9767
9779
9800
9772
9768
9782
9777
9781
9763
9782
9772
9794
9778
9797
9790
9798
9804
9776
9795
9784
9748
9804
9776
9799
9789
9771
9772
9776
9783
9791
9799
9770
9786
9747
9777
9806
9771
9797
9772
9802
9751
9795
9768
9785
9782
9775
9776
9761
9799
9777
9792
9798
9793
9791
9788
9767
9779
9782
9779
9743
9774
9784
9790
9765
9790
9752
9766
9777
9797
9760
9771
9771
9765
9777
9788
9784
9773
9792
9779
9795
9794
9796
9787
9788
9779
9781
9768
9792
9784
9775
9792
9773
9760
9769
9767
9779
9762
9787
9771
9774
9763
9777
9769
9778
9771
9782
9797
9781
9786
9801
9778
9790
9794
9808
9764
9793
9786
9780
9784
9783
9752
9752
9774
9769
9775
9779
9794
9794
9793
9764
9769
9757
9797
9797
9783
9771
9758
9757
9775
9745
9796
9756
9782
9752
9782
9790
9752
9752
9756
9787
9787
9798
9762
9806
9768
9774
9791
9771
9768
9791
9768
9786
9765
9771
9803
9772
9775
9767
9766
9808
9772
9782
9773
9791
9774
9799
9757
9762
9746
9780
9776
9794
9758
9790
9777
9781
9811
9779
9782
9787
9784
9792
9782
9780
9780
9787
9780
9789
9748
9785
9785
9783
9766
9768
9766
9793
9781
9786
9779
9788
9777
9756
9761
9760
9760
9765
9766
9787
9764
9775
9790
9800
9753
9784
9779
9763
9772
9778
9775
9809
9778
9757
9778
9787
9758
9758
9752
9812
9798
9785
9786
9760
9773
9786
9802
9781
9802
9789
9766
9774
9763
9778
9769
9752
9782
9763
9778
9796
9781
9787
9791
9776
9774
9775
9773
9800
9761
9770
9794
9794
9775
9766
9794
9740
9775
9769
9762
9792
9782
9750
9772
9771
9802
9752
9754
9799
9783
9770
9779
9780
9791
9785
9783
9793
9775
9762
9805
9757
9794
9753
9772
9774
9763
9777
9773
9776
9792
9791
9781
9777
9776
9780
9768
9796
9803
9787
9775
9757
9793
9772
9745
9766
9781
9752
9774
9775
9763
9770
9807
9749
9771
9761
9770
9762
9785
9799
9818
9804
9795
9778
9774
9775
9791
9766
9759
9805
9782
9770
9768
9788
9769
9787
9778
9793
9783
9783
9809
9759
9775
9785
9769
9783
9767
9757
9790
9764
9787
9781
9771
9786
9788
9790
9809
9762
9781
9786
9775
9783
9758
9766
9781
9787
9765
9756
9739
9788
9789
9759
9781
9781
9778
9777
9751
9797
9793
9781
9767
9776
9783
