9815
9807
9794
9769
9799
9797
9785
9785
9774
9785
9764
9764
9781
9740
9786
9784
9784
9762
9783
9792
9783
9780
9794
9785
9789
9772
9759
9801
9764
9800
9764
9776
9794
9773
9777
9759
9780
9805
9812
9784
9786
9766
9805
9802
9757
9794
9768
9780
9786
9795
9793
9799
9780
9782
9800
9775
9801
9766
9764
9813
9798
9781
9780
9783
9792
9791
9800
9768
9788
9779
9798
9764
9779
9766
9781
9795
9790
9791
9780
9796
9768
9774
9775
9775
9793
9767
9785
9750
9777
9769
9777
9779
9818
9761
9781
9785
9790
9776
9749
9796
9785
9783
9785
9792
9789
9778
9806
9786
9790
9788
9809
9776
9766
9784
9796
9785
9774
9764
9760
9765
9799
9776
9809
9788
9782
9789
9800
9758
9774
9798
9787
9773
9781
9787
9793
9777
9801
9769
9798
9757
9797
9789
9776
9795
9787
9773
9778
9753
9776
9771
9764
9785
9794
9780
9782
9775
9785
9797
9776
9762
9782
9773
9802
9795
9796
9801
9764
9773
9781
9794
9776
9770
9776
9766
9771
9759
9770
9789
9805
9776
9796
9790
9769
9798
9779
9795
9790
9782
9798
9769
9768
9815
9797
9779
9779
9781
9778
9800
9772
9766
9790
9771
9766
9794
9774
9783
9811
9775
9801
9792
9785
9793
9774
9771
9817
9782
9783
9797
9784
9780
9769
9786
9789
9775
9776
9770
9782
9800
9783
9810
9776
9787
9776
9781
9786
9813
9783
9791
9772
9783
9790
9788
9796
9788
9780
9775
9809
9779
9791
9750
9808
9758
9767
9778
9791
9811
9778
9782
9772
9791
9788
9785
9779
9768
9801
9790
9791
9799
9776
9772
9789
9785
9782
9785
9787
9776
9756
9789
9784
9779
9764
9780
9765
9785
9755
9780
9803
9793
9752
9768
9765
9773
9779
9785
9780
9784
9776
9795
9787
9765
9799
9770
9788
9774
9785
9803
9780
9784
9772
9762
9783
9773
9786
9771
9776
9779
9776
9763
9794
9764
9759
9787
9803
9750
9799
9754
9762
9783
9764
9769
9772
9795
9794
9778
9777
9801
9774
9799
9774
9790
9795
9790
9777
9781
9794
9793
9784
9791
9813
9776
9758
9795
9778
9776
9766
9779
9772
9782
9801
9786
9786
9799
9780
9812
9802
9760
9785
9782
9780
9768
9768
9768
9788
9787
9791
9791
9785
9776
9799
9773
9787
9786
9790
9766
9780
9804
9792
9789
9780
9773
9783
9778
9803
9772
9789
9792
9781
9792
9779
9801
9793
9787
9785
9793
9772
9786
9796
9807
9784
9802
9818
9780
9779
9796
9802
9788
9753
9805
9772
9784
9782
9789
9768
9778
9763
9768
9778
9776
9801
9788
9780
9779
9771
9763
9751
9777
9782
9786
9789
9769
9786
9782
9782
9775
9803
9806
9759
9768
9790
9785
9811
9778
9774
9803
9793
9796
9797
9779
9777
9765
9765
9784
9794
9762
9768
9753
9779
9796
9785
9796
9788
9759
9785
9807
9772
9761
9776
9788
9778
9783
9770
9786
9791
9767
9780
9784
9763
9774
9766
9779
9803
9757
9795
9795
9774
9788
9799
9806
9795
9770
9792
9799
9798
9788
9768
9803
9777
9771
9805
9782
9793
9757
9807
9783
9771
9777
9765
9788
9798
9796
9781
9783
9796
9765
9793
9775
9798
9776
9762
9780
9815
9790
9788
9787
9796
9801
9776
9775
9775
9783
9774
9779
9766
9804
9793
9762
9771
9798
9797
9783
9808
9770
9786
9810
9774
9791
9771
9790
9785
9742
9782
9776
9782
9771
9759
9774
9784
9783
9794
9784
9815
9757
9767
9777
9792
9761
9797
9775
9765
9780
9793
9791
9787
9780
9794
9781
9811
9777
9786
9783
9778
9784
9771
9763
9771
9792
9778
9783
9774
9797
9777
9783
9779
9768
9776
9795
9778
9759
9805
9809
9768
9779
9747
9774
9787
9770
9786
9780
9767
9803
9775
9777
9778
9779
9806
9781
9754
9775
9778
9788
9810
9773
9785
9781
9775
9779
9768
9803
9787
9825
9785
9821
9796
9766
9811
9795
9775
9769
9778
9789
9782
9773
9789
9790
9782
9792
9765
9780
9777
9830
9789
9785
9789
9782
9766
9766
9783
9824
9790
9798
9790
9789
9804
9800
9793
9781
9773
9778
9797
9791
9777
9782
9791
9791
9768
9784
9778
9767
9796
9764
9790
9782
9779
9792
9775
9791
9785
9768
9782
9783
9786
9781
9787
9786
9770
9790
9772
9800
9792
9779
9777
9786
9797
9755
9764
9812
9790
9793
9792
9784
9778
9775
9783
9775
9784
9770
9805
9812
9796
9786
9777
9810
9771
9796
9780
9784
9787
9788
9769
9789
9751
9762
9785
9772
9800
9780
9778
9787
9758
9794
9799
9805
9773
9782
9781
9785
9783
9775
9774
9804
9786
9751
9769
9813
9778
9794
9768
9787
9771
9779
9790
9787
9780
9785
9766
9790
9769
9793
9785
9775
9794
9790
9810
9759
9797
9776
9783
9793
9797
9773
9779
9785
9788
9764
9793
9806
9791
9809
9776
9778
9760
9774
9781
9774
9786
9780
9773
9785
9790
9796
9792
9782
9797
9762
9780
9762
9797
9795
9780
9755
9765
9820
9778
9790
9778
9796
9793
9762
9784
9781
9776
9796
9771
9782
9789
9767
9787
9785
9794
9804
9791
9794
9795
9751
9790
9776
9776
9776
9794
9779
9801
9772
9784
9774
9772
9800
9778
9767
9782
9770
9791
9768
9783
9774
9774
9812
9781
9741
9778
9812
9795
9794
9796
9786
9782
9785
9797
9795
9783
9773
9771
9788
9790
9797
9786
9789
9791
9758
9785
9777
9775
9796
9753
9791
9801
9788
9793
9796
9782
9774
9780
9808
9781
9791
9774
9786
9755
9802
9776
9795
9766
9786
9803
9797
9801
9793
9780
9789
9756
9760
9803
9795
9759
9760
9792
9766
9784
9783
9775
9798
9784
9759
9769
9785
9781
9805
9793
9810
9757
9778
9763
9771
9778
9776
9773
9786
9800
9754
9788
9810
9776
9800
9802
9801
9769
9774
9794
9789
9805
9788
9797
9798
9783
9799
9766
9775
9784
9765
9787
9783
9794
9769
9770
9793
9766
9777
9783
9772
9798
9795
9785
9768
9773
9782
9776
9815
9812
9790
9801
9789
9810
9760
9789
9820
9789
9796
9788
9781
9770
9776
